1222
-1611
-8
-986
1632
-940
243
-1009
-1377
1318
442
-1966
-1761
589
1427
-1501
-290
693
-276
1139
1322
-1547
1504
-1895
837
1947
1611
-1906
-776
1045
194
363
-1224
-910
1581
1873
1552
722
-877
230
-1594
1248
752
1575
151
-1545
-1749
-1417
378
-98
1636
-1674
-1735
-363
274
-563
-1560
1194
-1210
30
-464
288
-1389
290
-911
-1889
-1636
-813
-537
1968
-266
1481
-516
-1421
-1497
463
-1682
1110
-889
-978
-1411
1482
674
1543
-1711
1967
1143
1831
-1923
1103
29
1799
-465
827
-1767
1352
-1664
-832
-802
555
144
1232
766
1144
1116
1685
91
361
236
85
-490
464
-293
1818
1285
1101
-1324
-1690
-163
783
-297
-997
-164
-1866
-1567
486
-202
-798
798
-830
-1998
-1533
-1222
1807
-505
-309
-1852
-682
914
-1069
1982
1978
-1327
1190
557
436
1899
-219
507
77
-1629
-1045
1998
-27
-183
1343
-1852
-201
-1239
-1718
276
879
-714
-721
1358
-799
-1039
66
206
1071
-1552
1543
-551
-1766
1800
-246
671
-1619
359
1
664
-1390
-225
-70
-1140
-412
-566
707
66
-190
-1432
827
-770
-339
1532
1187
1378
-719
-338
-1444
1569
-191
-1917
1987
-1081
794
-912
-493
1648
-924
-1866
156
-1128
-614
1813
253
-1935
1951
36
104
-384
-159
1071
1097
449
607
-1021
493
-823
-780
1377
-721
963
-795
685
-1701
-1470
-210
-1842
-1
1933
61
-1986
-961
-1549
1289
-1495
-462
-1507
-1799
-657
-133
-1794
-1252
606
-1928
671
1147
702
-1868
-134
-886
-1881
1344
38
1664
-1535
31
17
516
-580
1944
-906
-1464
-643
774
802
323
-339
872
260
1881
-282
-1115
1676
1386
-136
-1270
-1587
-148
1520
-908
1152
1801
1682
-579
17
-1561
822
1247
420
-362
-312
1574
172
-1910
-212
762
-47
-271
1955
-910
-781
-1942
1322
-179
1514
308
1138
1821
481
-227
839
-1279
279
-388
-629
1764
422
1227
1019
1793
-88
722
-1322
1379
-232
-485
1153
-1404
1368
-1438
335
529
-1037
-230
347
-236
1603
-1882
-1771
1842
-1624
716
1682
1429
558
-1239
1458
1315
977
-729
261
-1891
1195
-841
-1470
143
-1523
-1980
69
-1125
384
228
-1069
442
-941
-694
-1061
1394
-259
-1713
172
695
-1800
810
1275
-32
1862
1685
76
1528
27
-427
1827
-22
-1095
-92
-999
-1183
226
-1025
-554
-573
317
-1614
1677
-1407
793
639
-1904
1020
-959
-1999
1841
851
158
-419
1052
-811
914
-1277
754
1186
-938
-1301
1525
288
13
-1256
-1814
986
1516
-1498
-424
-1321
-597
-500
-873
1459
543
1580
-1252
-172
381
-123
-136
-1114
1590
748
943
-1915
-500
1670
-33
1896
-655
-1403
-858
-286
1715
-1919
573
344
-1613
-1685
-1159
-1296
1060
813
1480
-1136
-1811
-119
-1900
-1626
-164
289
1744
-591
374
615
-112
1398
-698
1984
-1355
1508
-623
-1218
949
1032
411
1789
416
344
-258
-535
-1674
-161
1647
1100
-1531
66
1188
235
-775
1593
1521
-1607
-1834
521
571
-1184
1738
1935
-1531
1944
1087
945
-1514
-1684
1239
-1393
-844
1224
1332
-721
1671
1236
-351
1054
1205
-1042
-590
-994
-705
547
1692
-591
-1328
200
1292
-1310
976
-703
1028
1491
-1054
1941
-1585
-600
-962
1348
123
-1005
-1630
-1406
-1085
-199
-140
783
-1140
784
1266
-546
-1490
-1204
133
691
1834
-1221
-36
-394
-622
-1707
-757
655
759
1229
-1308
859
937
-677
-750
157
-1741
-753
-1572
1345
-6
1362
1308
-719
-1128
884
-43
1217
-1350
-632
-1184
1681
1981
1307
-1008
562
-924
242
-451
-1893
1325
-601
1212
212
-74
-660
357
-424
-1300
949
1304
-1040
1136
1531
622
1568
-1379
-59
479
1076
-398
-261
1157
-1154
1327
476
-385
-357
307
683
-87
1688
-620
738
-1159
1829
1065
672
874
162
-640
-984
-1969
247
-888
-1050
1414
1438
-519
-1883
1255
-353
1125
1031
-1482
-704
1535
-432
930
1074
1038
-812
957
1580
-854
-597
1754
751
813
-1513
-1354
-1279
1829
-1605
1386
1440
-1986
-1812
1895
473
616
1897
52
-139
-1631
1973
1821
449
10
354
1260
814
965
1140
170
68
-194
976
-1848
1849
1152
-424
262
799
-1066
1357
516
-1669
423
-1071
-1938
-1552
-855
-1623
43
1349
-1562
617
751
254
-108
-1117
-196
-1238
1959
60
-9
-1439
-1295
-775
1829
1748
1871
738
1758
-672
-1014
906
1641
-199
-1064
-167
-596
1887
-1078
1081
1505
482
11
780
-415
-1130
-1800
-1251
1285
-1387
-1135
392
-528
-379
-607
1811
179
547
214
371
-315
-655
-1108
-1159
-9
-1562
-630
-1348
1381
-917
1657
-240
82
1021
-550
-1806
820
-1167
-1047
-407
539
-301
-1139
-177
867
1553
1732
970
-1350
1504
-311
1683
1790
-1483
-1406
963
-497
1275
1018
1210
1295
-1152
-1259
1885
660
464
-1341
-550
-1861
134
-1073
1554
-3
1417
-1191
990
1762
1522
-1861
-1938
852
1564
-124
1477
239
-1021
116
380
-1694
1134
-1466
866
1882
1152
1628
-1367
500
-727
-1805
-592
-638
349
-364
1582
-497
19
331
-414
-1335
1996
553
1855
-1507
-704
662
1322
-1357
1576
-1045
-41
1846
-177
-1457
-1468
691
515
-1903
-833
488
-723
1339
-1934
72
1369
-1486
1378
642
98
-1212
-579
-380
-972
-490
-781
1128
-838
-1946
-1592
20
356
1636
337
-1305
-1531
-1332
-130
774
1977
-885
820
-1752
-739
-1835
155
-1703
-1501
1375
473
-262
1087
1728
-495
449
687
343
633
-1511
1686
-1698
-1318
-1551
1344
-1433
-1702
1072
1179
-174
-1617
772
1454
-330
1444
287
549
195
-51
1629
430
264
2
-255
623
1113
342
1771
-1420
857
1563
402
-894
-556
-1251
1023
501
1364
-763
1593
130
1487
-730
200
-1559
1516
222
1591
-318
676
953
326
-1419
-95
1719
1235
133
-660
-280
1123
738
-1589
-1319
-713
-424
1395
-567
-388
1959
1931
858
526
-82
1351
-379
-1041
816
685
-715
1533
-198
1913
-1916
-381
-446
-1364
-714
1678
-1868
-1537
-87
-1912
1543
-8
-230
-390
332
-1446
735
-1125
893
12
449
-774
1131
435
815
1634
1836
-1022
517
1928
-159
905
80
820
-906
1832
-86
-1537
1497
-1560
-1342
1041
-1062
1808
-130
1408
-667
300
-881
-1471
1178
-1328
-1648
363
1219
-1656
-1828
341
200
-1923
957
16
-1049
810
-944
-510
1516
-1953
1829
-704
1829
-797
-1631
-679
-648
1355
-1572
-1624
875
921
981
309
28
-380
423
1442
-1422
967
-95
-1313
323
-1227
-225
-1474
1244
1732
-899
624
-447
292
-599
1786
825
-1810
-926
-1459
348
-442
-1621
-326
42
-1743
1466
-1262
1539
1768
-1182
842
260
1179
-1553
907
461
1348
1812
-975
1373
-1640
646
882
-169
737
-1793
-1861
-675
83
1150
-1707
-471
-777
1112
847
768
716
1734
100
1407
-912
-1156
1524
924
1175
-399
-753
927
-1484
-1971
1211
-846
-1684
-362
952
1158
-1625
1359
990
277
1925
-1597
1993
1501
753
214
-1962
-37
1435
1698
93
-268
-826
-1747
1928
440
1533
239
1828
726
-175
-603
-314
1490
903
-128
-555
-1723
-1386
-119
-890
-1068
-359
444
-667
883
-1494
-1115
-1166
-1281
-1652
-1912
1751
-1741
-623
-234
1066
-1545
-1212
-539
-1265
-339
-1477
-433
-513
1712
628
1835
782
790
306
-1150
576
-376
375
-1171
-523
1486
1676
246
174
-336
-521
-1167
33
-1329
197
1042
134
-399
-93
523
303
523
1003
1426
1937
1837
886
-1981
-840
163
-1504
-1034
-814
1852
-1577
-1341
-737
-812
694
713
1557
-365
-1929
576
1572
408
-1887
-1071
-1406
1589
-1711
-454
345
-171
-587
715
1989
1990
1010
536
-883
904
690
1268
468
1686
-1753
1682
-1192
-796
517
327
-626
-5
1687
-1922
1894
-1078
-886
1295
972
547
-1684
592
-1538
-1488
-319
549
618
-1590
-52
-845
865
-1508
-1800
388
-1639
-439
-949
1122
1560
1394
650
377
-1422
-326
1267
313
1817
-1794
122
1816
-490
-895
529
695
1499
-1965
1028
1941
-101
-1373
-1714
-1646
-1599
-1347
-1241
-1578
-1150
1035
-766
-483
-1700
-80
-1586
1202
-543
-335
-1988
-768
1609
-1950
-1474
129
466
542
-545
1563
474
-1729
-1397
-1300
-1074
1085
1529
1503
1103
-994
1645
-578
-374
469
-277
-832
-189
696
-1990
-1464
-712
1757
1636
-36
350
-454
560
-174
106
-1145
-1804
-3
-1519
1881
-856
-1215
1350
173
-550
998
-992
404
1551
-1123
291
863
208
-689
48
483
564
-1013
1193
-1334
-1988
-695
1662
-960
-632
1220
-926
-1144
1023
189
1615
-1511
1211
-720
592
-475
1944
-733
274
613
-893
-1330
-38
494
-1037
1734
-1126
-861
680
-1120
858
501
174
409
-456
-1533
247
1834
1396
1953
-1330
-507
-629
-1876
-379
-441
612
-1508
-663
-950
-1337
-1355
-1059
1871
1523
-67
1251
252
1209
-929
-414
-1146
-1568
-974
-1718
1999
-786
1398
-120
1128
-673
-1950
-483
575
10
1474
1717
-635
870
-1252
1569
353
1280
-992
698
173
-522
610
859
1516
297
1572
512
1559
-964
1159
1272
-666
-1444
-1324
-779
468
325
-1446
1981
1734
313
-1688
1073
-1940
-575
-578
-1201
-588
1353
-553
-241
-779
1339
-104
1169
-1642
313
1852
268
621
1491
109
1019
-1001
1921
85
370
-5
-91
550
604
-1861
625
-440
-21
1364
154
-1413
-1395
-403
1359
653
1492
438
-143
1926
1342
-1647
363
1792
609
1031
-1097
1186
443
1444
1469
-1686
-1366
121
-1064
-250
829
1142
163
97
886
-1750
-47
-1333
248
1216
1183
784
-1198
-1310
200
-1751
-98
-1525
-1682
-314
-834
-334
-63
878
209
-1267
-1647
1772
900
-1792
-816
-1608
-232
187
-768
316
-224
1894
-1862
594
-1680
-1419
370
-341
1762
1497
-222
-1958
395
167
-323
11
1385
1023
509
-1218
-1161
-543
-1489
-1069
-970
-479
828
686
-916
1677
-1826
-693
1260
450
83
-1278
1299
751
282
-1838
303
-902
677
-501
-71
572
1580
-550
-1770
902
1353
916
-323
314
-220
1363
-1044
-382
-415
1246
672
943
-46
-834
133
1823
967
-769
-1558
-962
-1458
-1840
84
-638
118
909
-418
278
-1258
-1272
-1858
527
-377
-1286
1088
241
1070
747
-1837
-851
1107
-408
-1345
-991
583
-632
1763
-1528
-959
483
1224
-1870
1765
1176
1
79
1918
-1275
-1540
609
1624
-7
-1410
-981
-1760
-1035
1862
-1178
916
-1874
1123
1333
-1168
-833
218
1031
-303
-1974
462
-1428
479
-661
1100
876
-1646
693
1605
-1079
601
1459
-1934
963
579
1844
441
-1150
1102
-1281
929
-136
954
1578
1542
541
-537
1747
-1849
1785
-1603
-1492
-1338
-1001
1591
527
-364
-1005
491
1899
-1589
1349
0
-1602
59
864
-614
-12
594
429
-1094
-373
-517
584
-1599
754
9
1228
-1022
-636
-390
-1715
469
-1739
-1801
1136
871
521
508
-1099
1777
-264
876
-1436
-523
-1798
-283
1871
1226
-1860
961
-1485
279
-1882
1869
-1131
1262
-1205
-787
-1316
389
-1216
387
-531
-1006
939
-151
-165
62
584
-895
1453
-1158
-39
-1054
1925
1967
176
-986
-1670
-727
-95
1604
-512
1031
-834
-441
-965
1328
854
-333
-1547
508
51
1144
-75
-1415
-299
-1970
1186
-1551
-1410
-410
1225
403
-124
-1405
306
1784
-1862
-1652
1480
-1168
1843
1667
1421
628
845
6
-1268
-1002
-1670
-1203
-1601
-1140
-295
-1260
-974
707
28
-82
176
-1808
-1003
1487
480
1298
1390
-763
-1474
1870
-20
122
401
-1490
-914
-1632
1149
-1022
1350
-227
-1601
-669
133
1945
-1486
407
-1073
1311
-1405
1609
857
-1466
155
1768
858
1871
-1076
318
396
-1252
-1377
1614
1670
1317
-647
-955
-1403
1026
-121
150
1971
1746
1876
1258
-826
348
1728
-854
-456
1168
-381
